Stamina,Speed
48.72700594236812,28.055835871161115
77.53571532049581,39.624699066197756
66.59969709057026,32.72160713334393
59.93292420985183,28.46094362697947
37.80093202212183,11.507856059223776
37.79972601681013,15.300641966431524
32.90418060840997,14.148896449406049
73.30880728874675,41.94001477546795
60.05575058716044,31.745966741422528
65.40362888980228,23.88661366808747
31.02922471479012,17.135032204369036
78.49549260809971,37.322334901968276
71.62213204002109,32.42645601848075
40.61695553391381,23.366859211161245
39.09124836035503,24.70062179265727
39.17022549267169,24.24151334191684
45.21211214797688,18.409968457875248
56.2378215816119,26.572848911549876
51.59725093210579,27.454942623070714
44.5614570099021,27.158454140562846
60.59264473611897,27.900451178833034
36.97469303260209,17.55905163298196
44.60723242676091,16.771941343350314
48.318092164684586,18.17801296193894
52.8034992108518,30.46437871739689
69.25879806965068,41.41059917767946
39.98368910791799,19.631793946057325
55.71172192068058,32.87352544980041
59.620728443102124,31.618544346789232
32.32252063599989,12.935661544974321
60.37724259507192,31.99559932507803
38.526206184364575,26.953285924512134
33.25257964926398,16.447159629082233
77.44427686266667,46.54535671040337
78.28160165372796,26.042075306415256
70.41986740582306,39.31944622478765
45.23068845866854,23.050579570525127
34.883605700319194,15.94676609783026
64.21165132560785,32.56462954548144
52.007624686980066,16.06596777048557
36.10191174223894,16.95259643193191
54.758845505563514,29.164985610340487
31.71942605576092,23.24918325158804
75.4660201039391,35.14165896060131
42.93899908000085,17.427031525534485
63.1261142176991,29.054271890926866
45.58555380447055,27.369787490745644
56.00340105889054,29.64545607774369
57.33551396716398,26.018955964746798
39.24272277627635,22.187698553704955
